# Blender v2.76 (sub 0) OBJ File: ''
# www.blender.org
mtllib costdefencesticks.mtl
o group_47.001_ID3208
v -0.068237 0.151634 -0.064026
v -0.068237 0.151634 -0.040039
v -0.069824 0.151634 -0.052063
v -0.063599 0.151634 -0.075256
v -0.063599 0.151634 -0.028870
v -0.056274 0.151634 -0.084839
v -0.056274 0.151634 -0.019287
v -0.046631 0.151634 -0.092224
v -0.046631 0.151634 -0.011902
v -0.035400 0.151634 -0.096863
v -0.035400 0.151634 -0.007263
v -0.023438 0.151634 -0.098450
v -0.023438 0.151634 -0.005676
v -0.011475 0.151634 -0.096863
v -0.011475 0.151634 -0.007263
v -0.000244 0.151634 -0.092224
v -0.000244 0.151634 -0.011902
v 0.009399 0.151634 -0.084839
v 0.009399 0.151634 -0.019287
v 0.016724 0.151634 -0.075256
v 0.016724 0.151634 -0.028870
v 0.021362 0.151634 -0.064026
v 0.021362 0.151634 -0.040039
v 0.022949 0.151634 -0.052063
v 0.022949 0.151634 -0.052063
v 0.021362 0.151634 -0.064026
v 0.021362 0.151634 -0.040039
v 0.016724 0.151634 -0.028870
v 0.016724 0.151634 -0.075256
v 0.009399 0.151634 -0.019287
v 0.009399 0.151634 -0.084839
v -0.000244 0.151634 -0.011902
v -0.000244 0.151634 -0.092224
v -0.011475 0.151634 -0.007263
v -0.011475 0.151634 -0.096863
v -0.023438 0.151634 -0.005676
v -0.023438 0.151634 -0.098450
v -0.035400 0.151634 -0.007263
v -0.035400 0.151634 -0.096863
v -0.046631 0.151634 -0.011902
v -0.046631 0.151634 -0.092224
v -0.056274 0.151634 -0.019287
v -0.056274 0.151634 -0.084839
v -0.063599 0.151634 -0.028870
v -0.063599 0.151634 -0.075256
v -0.068237 0.151634 -0.040039
v -0.068237 0.151634 -0.064026
v -0.069824 0.151634 -0.052063
v -0.068237 0.823580 -0.040039
v -0.068237 0.823580 -0.064026
v -0.069824 0.823580 -0.052063
v -0.063599 0.823580 -0.028869
v -0.063599 0.823580 -0.075256
v -0.056274 0.823580 -0.019287
v -0.056274 0.823580 -0.084839
v -0.046631 0.823580 -0.011902
v -0.046631 0.823580 -0.092224
v -0.035400 0.823580 -0.007263
v -0.035400 0.823580 -0.096863
v -0.023438 0.823580 -0.005676
v -0.023438 0.823580 -0.098450
v -0.011475 0.823580 -0.007263
v -0.011475 0.823580 -0.096863
v -0.000244 0.823580 -0.011902
v -0.000244 0.823580 -0.092224
v 0.009399 0.823580 -0.019287
v 0.009399 0.823580 -0.084839
v 0.016724 0.823580 -0.028869
v 0.016724 0.823580 -0.075256
v 0.021362 0.823580 -0.040039
v 0.021362 0.823580 -0.064026
v 0.022949 0.823580 -0.052063
v 0.022949 0.823580 -0.052063
v 0.021362 0.823580 -0.040039
v 0.021362 0.823580 -0.064026
v 0.016724 0.823580 -0.075256
v 0.016724 0.823580 -0.028869
v 0.009399 0.823580 -0.084839
v 0.009399 0.823580 -0.019287
v -0.000244 0.823580 -0.092224
v -0.000244 0.823580 -0.011902
v -0.011475 0.823580 -0.096863
v -0.011475 0.823580 -0.007263
v -0.023438 0.823580 -0.098450
v -0.023438 0.823580 -0.005676
v -0.035400 0.823580 -0.096863
v -0.035400 0.823580 -0.007263
v -0.046631 0.823580 -0.092224
v -0.046631 0.823580 -0.011902
v -0.056274 0.823580 -0.084839
v -0.056274 0.823580 -0.019287
v -0.063599 0.823580 -0.075256
v -0.063599 0.823580 -0.028869
v -0.068237 0.823580 -0.064026
v -0.068237 0.823580 -0.040039
v -0.069824 0.823580 -0.052063
v 0.905029 1.190832 -0.015014
v 0.916138 1.185661 -0.035644
v 0.909180 1.187637 -0.025879
v 0.903687 1.195024 -0.003723
v 0.925293 1.185036 -0.043579
v 0.905518 1.199930 0.007202
v 0.935913 1.185804 -0.049133
v 0.910278 1.205215 0.017029
v 0.947510 1.187916 -0.052002
v 0.917603 1.210520 0.025025
v 0.959106 1.191223 -0.051941
v 0.927002 1.215483 0.030762
v 0.970093 1.195505 -0.048950
v 0.937988 1.219763 0.033753
v 0.979492 1.200466 -0.043213
v 0.949585 1.223072 0.033814
v 0.986938 1.205770 -0.035217
v 0.961182 1.225182 0.030945
v 0.991577 1.211056 -0.025390
v 0.971924 1.225950 0.025330
v 0.993408 1.215961 -0.014465
v 0.981079 1.225327 0.017456
v 0.992188 1.220156 -0.003174
v 0.987915 1.223349 0.007691
v 0.987915 1.223349 0.007691
v 0.981079 1.225327 0.017456
v 0.992188 1.220156 -0.003174
v 0.993408 1.215961 -0.014465
v 0.971924 1.225950 0.025330
v 0.991577 1.211056 -0.025390
v 0.961182 1.225182 0.030945
v 0.986938 1.205770 -0.035217
v 0.949585 1.223072 0.033814
v 0.979492 1.200466 -0.043213
v 0.937988 1.219763 0.033753
v 0.970093 1.195505 -0.048950
v 0.927002 1.215483 0.030762
v 0.959106 1.191223 -0.051941
v 0.917603 1.210520 0.025025
v 0.947510 1.187916 -0.052002
v 0.910278 1.205215 0.017029
v 0.935913 1.185804 -0.049133
v 0.905518 1.199930 0.007202
v 0.925293 1.185036 -0.043579
v 0.903687 1.195024 -0.003723
v 0.916138 1.185661 -0.035644
v 0.905029 1.190832 -0.015014
v 0.909180 1.187637 -0.025879
v 1.177612 0.257627 0.338257
v 1.166504 0.262798 0.358887
v 1.170654 0.259605 0.348022
v 1.165161 0.266991 0.370178
v 1.186768 0.257004 0.330322
v 1.166992 0.271898 0.381104
v 1.197388 0.257772 0.324768
v 1.171753 0.277183 0.390869
v 1.208984 0.259882 0.321899
v 1.179077 0.282488 0.398926
v 1.220581 0.263191 0.321960
v 1.188477 0.287449 0.404602
v 1.231567 0.267471 0.324951
v 1.199463 0.291731 0.407593
v 1.240967 0.272434 0.330627
v 1.211060 0.295038 0.407715
v 1.248413 0.277739 0.338684
v 1.222656 0.297150 0.404846
v 1.253052 0.283024 0.348511
v 1.233398 0.297918 0.399231
v 1.254883 0.287929 0.359375
v 1.242554 0.297293 0.391296
v 1.253662 0.292122 0.370667
v 1.249390 0.295317 0.381592
v 1.249390 0.295317 0.381592
v 1.253662 0.292122 0.370667
v 1.242554 0.297293 0.391296
v 1.254883 0.287929 0.359375
v 1.233398 0.297918 0.399231
v 1.253052 0.283024 0.348511
v 1.222656 0.297150 0.404846
v 1.248413 0.277739 0.338684
v 1.211060 0.295038 0.407715
v 1.240967 0.272434 0.330627
v 1.199463 0.291731 0.407593
v 1.231567 0.267471 0.324951
v 1.188477 0.287449 0.404602
v 1.220581 0.263191 0.321960
v 1.179077 0.282488 0.398926
v 1.208984 0.259882 0.321899
v 1.171753 0.277183 0.390869
v 1.197388 0.257772 0.324768
v 1.166992 0.271898 0.381104
v 1.186768 0.257004 0.330322
v 1.165161 0.266991 0.370178
v 1.177612 0.257627 0.338257
v 1.166504 0.262798 0.358887
v 1.170654 0.259605 0.348022
v 1.146362 0.273525 -0.497192
v 1.149536 0.264864 -0.474976
v 1.146484 0.268766 -0.486023
v 1.149414 0.278816 -0.507629
v 1.155518 0.262083 -0.464844
v 1.155273 0.284279 -0.516724
v 1.163818 0.260614 -0.456177
v 1.163452 0.289539 -0.523804
v 1.174072 0.260557 -0.449646
v 1.173584 0.294243 -0.528442
v 1.185425 0.261917 -0.445740
v 1.184937 0.298065 -0.530273
v 1.197144 0.264599 -0.444641
v 1.196777 0.300747 -0.529175
v 1.208496 0.268421 -0.446472
v 1.208130 0.302105 -0.525268
v 1.218628 0.273123 -0.451111
v 1.218262 0.302050 -0.518738
v 1.226929 0.278385 -0.458191
v 1.226685 0.300581 -0.510132
v 1.232788 0.283848 -0.467285
v 1.232544 0.297800 -0.499939
v 1.235718 0.289139 -0.477783
v 1.235718 0.293898 -0.488892
v 1.235718 0.293898 -0.488892
v 1.232544 0.297800 -0.499939
v 1.235718 0.289139 -0.477783
v 1.232788 0.283848 -0.467285
v 1.226685 0.300581 -0.510132
v 1.226929 0.278385 -0.458191
v 1.218262 0.302050 -0.518738
v 1.218628 0.273123 -0.451111
v 1.208130 0.302105 -0.525268
v 1.208496 0.268421 -0.446472
v 1.196777 0.300747 -0.529175
v 1.197144 0.264599 -0.444641
v 1.184937 0.298065 -0.530273
v 1.185425 0.261917 -0.445740
v 1.173584 0.294243 -0.528442
v 1.174072 0.260557 -0.449646
v 1.163452 0.289539 -0.523804
v 1.163818 0.260614 -0.456177
v 1.155273 0.284279 -0.516724
v 1.155518 0.262083 -0.464844
v 1.149414 0.278816 -0.507629
v 1.149536 0.264864 -0.474976
v 1.146362 0.273525 -0.497192
v 1.146484 0.268766 -0.486023
v 0.902222 1.187712 -0.079284
v 0.899170 1.196373 -0.101440
v 0.899170 1.191614 -0.090271
v 0.902100 1.201664 -0.111877
v 0.908203 1.184931 -0.069092
v 0.907959 1.207127 -0.120971
v 0.916504 1.183462 -0.060425
v 0.916260 1.212387 -0.128113
v 0.926758 1.183405 -0.053894
v 0.926392 1.217091 -0.132690
v 0.938110 1.184765 -0.049988
v 0.937744 1.220913 -0.134521
v 0.949829 1.187447 -0.048889
v 0.949463 1.223595 -0.133423
v 0.961182 1.191269 -0.050720
v 0.960815 1.224953 -0.129516
v 0.971313 1.195971 -0.055359
v 0.971069 1.224897 -0.122986
v 0.979614 1.201233 -0.062439
v 0.979370 1.223429 -0.114380
v 0.985474 1.206696 -0.071533
v 0.985352 1.220648 -0.104187
v 0.988403 1.211987 -0.082031
v 0.988403 1.216745 -0.093139
v 0.988403 1.216745 -0.093139
v 0.988403 1.211987 -0.082031
v 0.985352 1.220648 -0.104187
v 0.985474 1.206696 -0.071533
v 0.979370 1.223429 -0.114380
v 0.979614 1.201233 -0.062439
v 0.971069 1.224897 -0.122986
v 0.971313 1.195971 -0.055359
v 0.960815 1.224953 -0.129516
v 0.961182 1.191269 -0.050720
v 0.949463 1.223595 -0.133423
v 0.949829 1.187447 -0.048889
v 0.937744 1.220913 -0.134521
v 0.938110 1.184765 -0.049988
v 0.926392 1.217091 -0.132690
v 0.926758 1.183405 -0.053894
v 0.916260 1.212387 -0.128113
v 0.916504 1.183462 -0.060425
v 0.907959 1.207127 -0.120971
v 0.908203 1.184931 -0.069092
v 0.902100 1.201664 -0.111877
v 0.902222 1.187712 -0.079284
v 0.899170 1.196373 -0.101440
v 0.899170 1.191614 -0.090271
v 0.009399 0.823580 -0.019287
v -0.000244 0.151634 -0.011902
v 0.009399 0.151634 -0.019287
v -0.000244 0.823580 -0.011902
v -0.000244 0.823580 -0.011902
v 0.009399 0.823580 -0.019287
v -0.000244 0.151634 -0.011902
v 0.009399 0.151634 -0.019287
v 0.016724 0.151634 -0.028870
v 0.016724 0.823580 -0.028869
v 0.016724 0.823580 -0.028869
v 0.016724 0.151634 -0.028870
v -0.011475 0.151634 -0.007263
v -0.011475 0.823580 -0.007263
v -0.011475 0.823580 -0.007263
v -0.011475 0.151634 -0.007263
v 0.021362 0.151634 -0.064026
v 0.022949 0.823580 -0.052063
v 0.022949 0.151634 -0.052063
v 0.021362 0.823580 -0.064026
v 0.021362 0.823580 -0.064026
v 0.021362 0.151634 -0.064026
v 0.022949 0.823580 -0.052063
v 0.022949 0.151634 -0.052063
v 0.021362 0.823580 -0.040039
v 0.021362 0.151634 -0.040039
v 0.021362 0.823580 -0.040039
v 0.021362 0.151634 -0.040039
v -0.023438 0.151634 -0.005676
v -0.023438 0.823580 -0.005676
v -0.023438 0.823580 -0.005676
v -0.023438 0.151634 -0.005676
v -0.035400 0.151634 -0.007263
v -0.035400 0.823580 -0.007263
v -0.035400 0.823580 -0.007263
v -0.035400 0.151634 -0.007263
v -0.046631 0.151634 -0.011902
v -0.046631 0.823580 -0.011902
v -0.046631 0.823580 -0.011902
v -0.046631 0.151634 -0.011902
v -0.056274 0.151634 -0.019287
v -0.056274 0.823580 -0.019287
v -0.056274 0.823580 -0.019287
v -0.056274 0.151634 -0.019287
v -0.063599 0.823580 -0.028869
v -0.063599 0.151634 -0.028870
v -0.063599 0.151634 -0.028870
v -0.063599 0.823580 -0.028869
v -0.068237 0.823580 -0.040039
v -0.068237 0.151634 -0.040039
v -0.068237 0.151634 -0.040039
v -0.068237 0.823580 -0.040039
v -0.069824 0.823580 -0.052063
v -0.069824 0.151634 -0.052063
v -0.069824 0.151634 -0.052063
v -0.069824 0.823580 -0.052063
v -0.068237 0.823580 -0.064026
v -0.068237 0.151634 -0.064026
v -0.068237 0.151634 -0.064026
v -0.068237 0.823580 -0.064026
v -0.063599 0.823580 -0.075256
v -0.063599 0.151634 -0.075256
v -0.063599 0.151634 -0.075256
v -0.063599 0.823580 -0.075256
v -0.056274 0.823580 -0.084839
v -0.056274 0.151634 -0.084839
v -0.056274 0.151634 -0.084839
v -0.056274 0.823580 -0.084839
v -0.046631 0.151634 -0.092224
v -0.046631 0.823580 -0.092224
v -0.046631 0.823580 -0.092224
v -0.046631 0.151634 -0.092224
v -0.035400 0.151634 -0.096863
v -0.035400 0.823580 -0.096863
v -0.035400 0.823580 -0.096863
v -0.035400 0.151634 -0.096863
v -0.023438 0.151634 -0.098450
v -0.023438 0.823580 -0.098450
v -0.023438 0.823580 -0.098450
v -0.023438 0.151634 -0.098450
v -0.011475 0.151634 -0.096863
v -0.011475 0.823580 -0.096863
v -0.011475 0.823580 -0.096863
v -0.011475 0.151634 -0.096863
v -0.000244 0.151634 -0.092224
v -0.000244 0.823580 -0.092224
v -0.000244 0.823580 -0.092224
v -0.000244 0.151634 -0.092224
v 0.009399 0.151634 -0.084839
v 0.009399 0.823580 -0.084839
v 0.009399 0.823580 -0.084839
v 0.009399 0.151634 -0.084839
v 0.016724 0.823580 -0.075256
v 0.016724 0.151634 -0.075256
v 0.016724 0.823580 -0.075256
v 0.016724 0.151634 -0.075256
v 1.179077 0.282488 0.398926
v 0.927002 1.215483 0.030762
v 0.917603 1.210520 0.025025
v 1.188477 0.287449 0.404602
v 1.188477 0.287449 0.404602
v 1.179077 0.282488 0.398926
v 0.927002 1.215483 0.030762
v 0.917603 1.210520 0.025025
v 1.171753 0.277183 0.390869
v 0.910278 1.205215 0.017029
v 1.171753 0.277183 0.390869
v 0.910278 1.205215 0.017029
v 0.937988 1.219763 0.033753
v 1.199463 0.291731 0.407593
v 1.199463 0.291731 0.407593
v 0.937988 1.219763 0.033753
v 0.949585 1.223072 0.033814
v 1.211060 0.295038 0.407715
v 1.211060 0.295038 0.407715
v 0.949585 1.223072 0.033814
v 0.961182 1.225182 0.030945
v 1.222656 0.297150 0.404846
v 1.222656 0.297150 0.404846
v 0.961182 1.225182 0.030945
v 1.233398 0.297918 0.399231
v 0.971924 1.225950 0.025330
v 1.233398 0.297918 0.399231
v 0.971924 1.225950 0.025330
v 1.242554 0.297293 0.391296
v 0.981079 1.225327 0.017456
v 1.242554 0.297293 0.391296
v 0.981079 1.225327 0.017456
v 1.249390 0.295317 0.381592
v 0.987915 1.223349 0.007691
v 1.249390 0.295317 0.381592
v 0.987915 1.223349 0.007691
v 1.253662 0.292122 0.370667
v 0.992188 1.220156 -0.003174
v 1.253662 0.292122 0.370667
v 0.992188 1.220156 -0.003174
v 1.254883 0.287929 0.359375
v 0.993408 1.215961 -0.014465
v 1.254883 0.287929 0.359375
v 0.993408 1.215961 -0.014465
v 1.253052 0.283024 0.348511
v 0.991577 1.211056 -0.025390
v 1.253052 0.283024 0.348511
v 0.991577 1.211056 -0.025390
v 0.986938 1.205770 -0.035217
v 1.248413 0.277739 0.338684
v 1.248413 0.277739 0.338684
v 0.986938 1.205770 -0.035217
v 0.979492 1.200466 -0.043213
v 1.240967 0.272434 0.330627
v 1.240967 0.272434 0.330627
v 0.979492 1.200466 -0.043213
v 0.970093 1.195505 -0.048950
v 1.231567 0.267471 0.324951
v 1.231567 0.267471 0.324951
v 0.970093 1.195505 -0.048950
v 0.959106 1.191223 -0.051941
v 1.220581 0.263191 0.321960
v 1.220581 0.263191 0.321960
v 0.959106 1.191223 -0.051941
v 0.947510 1.187916 -0.052002
v 1.208984 0.259882 0.321899
v 1.208984 0.259882 0.321899
v 0.947510 1.187916 -0.052002
v 0.935913 1.185804 -0.049133
v 1.197388 0.257772 0.324768
v 1.197388 0.257772 0.324768
v 0.935913 1.185804 -0.049133
v 1.186768 0.257004 0.330322
v 0.925293 1.185036 -0.043579
v 0.925293 1.185036 -0.043579
v 1.186768 0.257004 0.330322
v 1.177612 0.257627 0.338257
v 0.916138 1.185661 -0.035644
v 0.916138 1.185661 -0.035644
v 1.177612 0.257627 0.338257
v 1.170654 0.259605 0.348022
v 0.909180 1.187637 -0.025879
v 0.909180 1.187637 -0.025879
v 1.170654 0.259605 0.348022
v 1.166504 0.262798 0.358887
v 0.905029 1.190832 -0.015014
v 0.905029 1.190832 -0.015014
v 1.166504 0.262798 0.358887
v 1.165161 0.266991 0.370178
v 0.903687 1.195024 -0.003723
v 0.903687 1.195024 -0.003723
v 1.165161 0.266991 0.370178
v 1.166992 0.271898 0.381104
v 0.905518 1.199930 0.007202
v 0.905518 1.199930 0.007202
v 1.166992 0.271898 0.381104
v 0.926392 1.217091 -0.132690
v 1.184937 0.298065 -0.530273
v 1.173584 0.294243 -0.528442
v 0.937744 1.220913 -0.134521
v 0.937744 1.220913 -0.134521
v 0.926392 1.217091 -0.132690
v 1.184937 0.298065 -0.530273
v 1.173584 0.294243 -0.528442
v 0.916260 1.212387 -0.128113
v 1.163452 0.289539 -0.523804
v 0.916260 1.212387 -0.128113
v 1.163452 0.289539 -0.523804
v 1.196777 0.300747 -0.529175
v 0.949463 1.223595 -0.133423
v 0.949463 1.223595 -0.133423
v 1.196777 0.300747 -0.529175
v 1.208130 0.302105 -0.525268
v 0.960815 1.224953 -0.129516
v 0.960815 1.224953 -0.129516
v 1.208130 0.302105 -0.525268
v 1.218262 0.302050 -0.518738
v 0.971069 1.224897 -0.122986
v 0.971069 1.224897 -0.122986
v 1.218262 0.302050 -0.518738
v 0.979370 1.223429 -0.114380
v 1.226685 0.300581 -0.510132
v 0.979370 1.223429 -0.114380
v 1.226685 0.300581 -0.510132
v 0.985352 1.220648 -0.104187
v 1.232544 0.297800 -0.499939
v 0.985352 1.220648 -0.104187
v 1.232544 0.297800 -0.499939
v 0.988403 1.216745 -0.093139
v 1.235718 0.293898 -0.488892
v 0.988403 1.216745 -0.093139
v 1.235718 0.293898 -0.488892
v 0.988403 1.211987 -0.082031
v 1.235718 0.289139 -0.477783
v 0.988403 1.211987 -0.082031
v 1.235718 0.289139 -0.477783
v 0.985474 1.206696 -0.071533
v 1.232788 0.283848 -0.467285
v 0.985474 1.206696 -0.071533
v 1.232788 0.283848 -0.467285
v 0.979614 1.201233 -0.062439
v 1.226929 0.278385 -0.458191
v 0.979614 1.201233 -0.062439
v 1.226929 0.278385 -0.458191
v 1.218628 0.273123 -0.451111
v 0.971313 1.195971 -0.055359
v 0.971313 1.195971 -0.055359
v 1.218628 0.273123 -0.451111
v 1.208496 0.268421 -0.446472
v 0.961182 1.191269 -0.050720
v 0.961182 1.191269 -0.050720
v 1.208496 0.268421 -0.446472
v 1.197144 0.264599 -0.444641
v 0.949829 1.187447 -0.048889
v 0.949829 1.187447 -0.048889
v 1.197144 0.264599 -0.444641
v 1.185425 0.261917 -0.445740
v 0.938110 1.184765 -0.049988
v 0.938110 1.184765 -0.049988
v 1.185425 0.261917 -0.445740
v 1.174072 0.260557 -0.449646
v 0.926758 1.183405 -0.053894
v 0.926758 1.183405 -0.053894
v 1.174072 0.260557 -0.449646
v 1.163818 0.260614 -0.456177
v 0.916504 1.183462 -0.060425
v 0.916504 1.183462 -0.060425
v 1.163818 0.260614 -0.456177
v 0.908203 1.184931 -0.069092
v 1.155518 0.262083 -0.464844
v 1.155518 0.262083 -0.464844
v 0.908203 1.184931 -0.069092
v 0.902222 1.187712 -0.079284
v 1.149536 0.264864 -0.474976
v 1.149536 0.264864 -0.474976
v 0.902222 1.187712 -0.079284
v 0.899170 1.191614 -0.090271
v 1.146484 0.268766 -0.486023
v 1.146484 0.268766 -0.486023
v 0.899170 1.191614 -0.090271
v 0.899170 1.196373 -0.101440
v 1.146362 0.273525 -0.497192
v 1.146362 0.273525 -0.497192
v 0.899170 1.196373 -0.101440
v 0.902100 1.201664 -0.111877
v 1.149414 0.278816 -0.507629
v 1.149414 0.278816 -0.507629
v 0.902100 1.201664 -0.111877
v 0.907959 1.207127 -0.120971
v 1.155273 0.284279 -0.516724
v 1.155273 0.284279 -0.516724
v 0.907959 1.207127 -0.120971
v 1.111084 1.308607 0.003296
v 1.097656 1.340624 0.003296
v 1.104370 1.324615 0.005310
v 1.117310 1.293688 -0.002563
v 1.091431 1.355543 -0.002563
v 1.122681 1.280878 -0.011902
v 1.086060 1.368353 -0.011902
v 1.126709 1.271048 -0.024048
v 1.081909 1.378183 -0.024048
v 1.129395 1.264868 -0.038269
v 1.079346 1.384363 -0.038269
v 1.130249 1.262760 -0.053467
v 1.078491 1.386471 -0.053467
v 1.129395 1.264868 -0.068664
v 1.079346 1.384363 -0.068664
v 1.126709 1.271048 -0.082824
v 1.081909 1.378183 -0.082824
v 1.122681 1.280878 -0.095032
v 1.086060 1.368353 -0.095032
v 1.117310 1.293688 -0.104370
v 1.091431 1.355543 -0.104370
v 1.111084 1.308607 -0.110229
v 1.097656 1.340624 -0.110229
v 1.104370 1.324615 -0.112243
v 1.104370 1.324615 -0.112243
v 1.111084 1.308607 -0.110229
v 1.097656 1.340624 -0.110229
v 1.091431 1.355543 -0.104370
v 1.117310 1.293688 -0.104370
v 1.086060 1.368353 -0.095032
v 1.122681 1.280878 -0.095032
v 1.081909 1.378183 -0.082824
v 1.126709 1.271048 -0.082824
v 1.079346 1.384363 -0.068664
v 1.129395 1.264868 -0.068664
v 1.078491 1.386471 -0.053467
v 1.130249 1.262760 -0.053467
v 1.079346 1.384363 -0.038269
v 1.129395 1.264868 -0.038269
v 1.081909 1.378183 -0.024048
v 1.126709 1.271048 -0.024048
v 1.086060 1.368353 -0.011902
v 1.122681 1.280878 -0.011902
v 1.091431 1.355543 -0.002563
v 1.117310 1.293688 -0.002563
v 1.097656 1.340624 0.003296
v 1.111084 1.308607 0.003296
v 1.104370 1.324615 0.005310
v 1.126709 1.271048 -0.082824
v -1.948120 -0.022482 -0.068665
v -1.950806 -0.016302 -0.082825
v 1.129395 1.264868 -0.068664
v 1.129395 1.264868 -0.068664
v 1.126709 1.271048 -0.082824
v -1.948120 -0.022482 -0.068665
v -1.950806 -0.016302 -0.082825
v -1.947266 -0.024590 -0.053467
v 1.130249 1.262760 -0.053467
v 1.130249 1.262760 -0.053467
v -1.947266 -0.024590 -0.053467
v 1.122681 1.280878 -0.095032
v -1.954834 -0.006472 -0.095032
v 1.122681 1.280878 -0.095032
v -1.954834 -0.006472 -0.095032
v 1.129395 1.264868 -0.038269
v -1.948120 -0.022482 -0.038269
v 1.129395 1.264868 -0.038269
v -1.948120 -0.022482 -0.038269
v -1.960205 0.006338 -0.104370
v 1.117310 1.293688 -0.104370
v 1.117310 1.293688 -0.104370
v -1.960205 0.006338 -0.104370
v 1.126709 1.271048 -0.024048
v -1.950806 -0.016302 -0.024048
v 1.126709 1.271048 -0.024048
v -1.950806 -0.016302 -0.024048
v -1.966431 0.021257 -0.110229
v 1.111084 1.308607 -0.110229
v 1.111084 1.308607 -0.110229
v -1.966431 0.021257 -0.110229
v 1.122681 1.280878 -0.011902
v -1.954834 -0.006472 -0.011902
v 1.122681 1.280878 -0.011902
v -1.954834 -0.006472 -0.011902
v -1.973145 0.037266 -0.112244
v 1.104370 1.324615 -0.112243
v 1.104370 1.324615 -0.112243
v -1.973145 0.037266 -0.112244
v -1.960205 0.006338 -0.002563
v 1.117310 1.293688 -0.002563
v 1.117310 1.293688 -0.002563
v -1.960205 0.006338 -0.002563
v -1.979858 0.053276 -0.110229
v 1.097656 1.340624 -0.110229
v 1.097656 1.340624 -0.110229
v -1.979858 0.053276 -0.110229
v -1.966431 0.021257 0.003296
v 1.111084 1.308607 0.003296
v 1.111084 1.308607 0.003296
v -1.966431 0.021257 0.003296
v -1.986084 0.068193 -0.104370
v 1.091431 1.355543 -0.104370
v 1.091431 1.355543 -0.104370
v -1.986084 0.068193 -0.104370
v -1.973145 0.037266 0.005310
v 1.104370 1.324615 0.005310
v 1.104370 1.324615 0.005310
v -1.973145 0.037266 0.005310
v -1.991455 0.081003 -0.095032
v 1.086060 1.368353 -0.095032
v 1.086060 1.368353 -0.095032
v -1.991455 0.081003 -0.095032
v -1.979858 0.053276 0.003296
v 1.097656 1.340624 0.003296
v 1.097656 1.340624 0.003296
v -1.979858 0.053276 0.003296
v 1.081909 1.378183 -0.082824
v -1.995605 0.090834 -0.082825
v 1.081909 1.378183 -0.082824
v -1.995605 0.090834 -0.082825
v -1.986084 0.068193 -0.002563
v 1.091431 1.355543 -0.002563
v 1.091431 1.355543 -0.002563
v -1.986084 0.068193 -0.002563
v 1.079346 1.384363 -0.068664
v -1.998169 0.097013 -0.068665
v 1.079346 1.384363 -0.068664
v -1.998169 0.097013 -0.068665
v -1.991455 0.081003 -0.011902
v 1.086060 1.368353 -0.011902
v 1.086060 1.368353 -0.011902
v -1.991455 0.081003 -0.011902
v 1.078491 1.386471 -0.053467
v -1.999023 0.099121 -0.053467
v 1.078491 1.386471 -0.053467
v -1.999023 0.099121 -0.053467
v 1.081909 1.378183 -0.024048
v -1.995605 0.090834 -0.024048
v 1.081909 1.378183 -0.024048
v -1.995605 0.090834 -0.024048
v -1.998169 0.097013 -0.038269
v 1.079346 1.384363 -0.038269
v 1.079346 1.384363 -0.038269
v -1.998169 0.097013 -0.038269
v -0.000244 0.151634 -0.011902
v 0.009399 0.151634 -0.019287
v -0.000244 0.823580 -0.011902
v 0.009399 0.823580 -0.019287
v 0.022949 0.151634 -0.052063
v 0.021362 0.151634 -0.064026
v 0.021362 0.151634 -0.040039
v 0.016724 0.151634 -0.028870
v -0.011475 0.151634 -0.007263
v -0.023438 0.151634 -0.005676
v -0.035400 0.151634 -0.007263
v -0.046631 0.151634 -0.011902
v -0.056274 0.151634 -0.019287
v -0.063599 0.151634 -0.028870
v -0.068237 0.151634 -0.040039
v -0.069824 0.151634 -0.052063
v -0.068237 0.151634 -0.064026
v -0.063599 0.151634 -0.075256
v -0.056274 0.151634 -0.084839
v -0.046631 0.151634 -0.092224
v -0.035400 0.151634 -0.096863
v -0.023438 0.151634 -0.098450
v -0.011475 0.151634 -0.096863
v -0.000244 0.151634 -0.092224
v 0.009399 0.151634 -0.084839
v 0.016724 0.151634 -0.075256
v 0.016724 0.823580 -0.028869
v 0.022949 0.823580 -0.052063
v 0.021362 0.823580 -0.064026
v 0.016724 0.823580 -0.075256
v 0.009399 0.823580 -0.084839
v -0.000244 0.823580 -0.092224
v -0.011475 0.823580 -0.096863
v -0.023438 0.823580 -0.098450
v -0.035400 0.823580 -0.096863
v -0.046631 0.823580 -0.092224
v -0.056274 0.823580 -0.084839
v -0.063599 0.823580 -0.075256
v -0.068237 0.823580 -0.064026
v -0.069824 0.823580 -0.052063
v -0.068237 0.823580 -0.040039
v -0.063599 0.823580 -0.028869
v -0.056274 0.823580 -0.019287
v -0.046631 0.823580 -0.011902
v -0.035400 0.823580 -0.007263
v -0.023438 0.823580 -0.005676
v -0.011475 0.823580 -0.007263
v 0.021362 0.823580 -0.040039
v 0.927002 1.215483 0.030762
v 0.917603 1.210520 0.025025
v 1.188477 0.287449 0.404602
v 1.179077 0.282488 0.398926
v 0.910278 1.205215 0.017029
v 0.937988 1.219763 0.033753
v 0.949585 1.223072 0.033814
v 0.961182 1.225182 0.030945
v 0.971924 1.225950 0.025330
v 0.981079 1.225327 0.017456
v 0.987915 1.223349 0.007691
v 0.992188 1.220156 -0.003174
v 0.993408 1.215961 -0.014465
v 0.991577 1.211056 -0.025390
v 0.986938 1.205770 -0.035217
v 0.979492 1.200466 -0.043213
v 0.970093 1.195505 -0.048950
v 0.959106 1.191223 -0.051941
v 0.947510 1.187916 -0.052002
v 0.935913 1.185804 -0.049133
v 0.925293 1.185036 -0.043579
v 0.916138 1.185661 -0.035644
v 0.909180 1.187637 -0.025879
v 0.905029 1.190832 -0.015014
v 0.903687 1.195024 -0.003723
v 0.905518 1.199930 0.007202
v 1.171753 0.277183 0.390869
v 1.166992 0.271898 0.381104
v 1.165161 0.266991 0.370178
v 1.166504 0.262798 0.358887
v 1.170654 0.259605 0.348022
v 1.177612 0.257627 0.338257
v 1.186768 0.257004 0.330322
v 1.197388 0.257772 0.324768
v 1.208984 0.259882 0.321899
v 1.220581 0.263191 0.321960
v 1.231567 0.267471 0.324951
v 1.240967 0.272434 0.330627
v 1.248413 0.277739 0.338684
v 1.253052 0.283024 0.348511
v 1.254883 0.287929 0.359375
v 1.253662 0.292122 0.370667
v 1.249390 0.295317 0.381592
v 1.242554 0.297293 0.391296
v 1.233398 0.297918 0.399231
v 1.222656 0.297150 0.404846
v 1.211060 0.295038 0.407715
v 1.199463 0.291731 0.407593
v 1.184937 0.298065 -0.530273
v 1.173584 0.294243 -0.528442
v 0.937744 1.220913 -0.134521
v 0.926392 1.217091 -0.132690
v 1.163452 0.289539 -0.523804
v 1.196777 0.300747 -0.529175
v 1.208130 0.302105 -0.525268
v 1.218262 0.302050 -0.518738
v 1.226685 0.300581 -0.510132
v 1.232544 0.297800 -0.499939
v 1.235718 0.293898 -0.488892
v 1.235718 0.289139 -0.477783
v 1.232788 0.283848 -0.467285
v 1.226929 0.278385 -0.458191
v 1.218628 0.273123 -0.451111
v 1.208496 0.268421 -0.446472
v 1.197144 0.264599 -0.444641
v 1.185425 0.261917 -0.445740
v 1.174072 0.260557 -0.449646
v 1.163818 0.260614 -0.456177
v 1.155518 0.262083 -0.464844
v 1.149536 0.264864 -0.474976
v 1.146484 0.268766 -0.486023
v 1.146362 0.273525 -0.497192
v 1.149414 0.278816 -0.507629
v 1.155273 0.284279 -0.516724
v 0.916260 1.212387 -0.128113
v 0.907959 1.207127 -0.120971
v 0.902100 1.201664 -0.111877
v 0.899170 1.196373 -0.101440
v 0.899170 1.191614 -0.090271
v 0.902222 1.187712 -0.079284
v 0.908203 1.184931 -0.069092
v 0.916504 1.183462 -0.060425
v 0.926758 1.183405 -0.053894
v 0.938110 1.184765 -0.049988
v 0.949829 1.187447 -0.048889
v 0.961182 1.191269 -0.050720
v 0.971313 1.195971 -0.055359
v 0.979614 1.201233 -0.062439
v 0.985474 1.206696 -0.071533
v 0.988403 1.211987 -0.082031
v 0.988403 1.216745 -0.093139
v 0.985352 1.220648 -0.104187
v 0.979370 1.223429 -0.114380
v 0.971069 1.224897 -0.122986
v 0.960815 1.224953 -0.129516
v 0.949463 1.223595 -0.133423
v 1.130249 1.262760 -0.053467
v 1.129395 1.264868 -0.038269
v 1.129395 1.264868 -0.068664
v 1.126709 1.271048 -0.082824
v 1.122681 1.280878 -0.095032
v 1.117310 1.293688 -0.104370
v 1.111084 1.308607 -0.110229
v 1.104370 1.324615 -0.112243
v 1.097656 1.340624 -0.110229
v 1.091431 1.355543 -0.104370
v 1.086060 1.368353 -0.095032
v 1.081909 1.378183 -0.082824
v 1.079346 1.384363 -0.068664
v 1.078491 1.386471 -0.053467
v 1.079346 1.384363 -0.038269
v 1.081909 1.378183 -0.024048
v 1.086060 1.368353 -0.011902
v 1.091431 1.355543 -0.002563
v 1.097656 1.340624 0.003296
v 1.104370 1.324615 0.005310
v 1.111084 1.308607 0.003296
v 1.117310 1.293688 -0.002563
v 1.122681 1.280878 -0.011902
v 1.126709 1.271048 -0.024048
v 1.126709 1.271048 -0.082824
v 1.129395 1.264868 -0.068664
v -1.950806 -0.016302 -0.082825
v -1.948120 -0.022482 -0.068665
v 1.130249 1.262760 -0.053467
v -1.947266 -0.024590 -0.053467
v 1.122681 1.280878 -0.095032
v -1.954834 -0.006472 -0.095032
v 1.129395 1.264868 -0.038269
v -1.948120 -0.022482 -0.038269
v 1.117310 1.293688 -0.104370
v -1.960205 0.006338 -0.104370
v 1.126709 1.271048 -0.024048
v -1.950806 -0.016302 -0.024048
v 1.111084 1.308607 -0.110229
v -1.966431 0.021257 -0.110229
v 1.122681 1.280878 -0.011902
v -1.954834 -0.006472 -0.011902
v 1.104370 1.324615 -0.112243
v -1.973145 0.037266 -0.112244
v 1.117310 1.293688 -0.002563
v -1.960205 0.006338 -0.002563
v 1.097656 1.340624 -0.110229
v -1.979858 0.053276 -0.110229
v 1.111084 1.308607 0.003296
v -1.966431 0.021257 0.003296
v 1.091431 1.355543 -0.104370
v -1.986084 0.068193 -0.104370
v 1.104370 1.324615 0.005310
v -1.973145 0.037266 0.005310
v 1.086060 1.368353 -0.095032
v -1.991455 0.081003 -0.095032
v 1.097656 1.340624 0.003296
v -1.979858 0.053276 0.003296
v 1.081909 1.378183 -0.082824
v -1.995605 0.090834 -0.082825
v 1.091431 1.355543 -0.002563
v -1.986084 0.068193 -0.002563
v 1.079346 1.384363 -0.068664
v -1.998169 0.097013 -0.068665
v 1.086060 1.368353 -0.011902
v -1.991455 0.081003 -0.011902
v 1.078491 1.386471 -0.053467
v -1.999023 0.099121 -0.053467
v 1.081909 1.378183 -0.024048
v -1.995605 0.090834 -0.024048
v 1.079346 1.384363 -0.038269
v -1.998169 0.097013 -0.038269
vt 0.000000 0.000000
vt -0.003726 0.137666
vt -0.003726 0.081057
vt 0.000000 0.109361
vt -0.014652 0.164042
vt -0.014652 0.054681
vt -0.032031 0.186692
vt -0.032031 0.032031
vt -0.054681 0.204071
vt -0.054681 0.014652
vt -0.081057 0.214996
vt -0.081057 0.003726
vt -0.109361 0.218723
vt -0.109361 0.000000
vt -0.137666 0.214996
vt -0.137666 0.003726
vt -0.164042 0.204071
vt -0.164042 0.014652
vt -0.186692 0.186692
vt -0.186692 0.032031
vt -0.204071 0.164042
vt -0.204071 0.054681
vt -0.214996 0.137666
vt -0.214996 0.081057
vt -0.218723 0.109361
vt 0.003726 0.081057
vt 0.003726 0.137666
vt 0.014652 0.054681
vt 0.014652 0.164042
vt 0.032031 0.032031
vt 0.032031 0.186692
vt 0.054681 0.014652
vt 0.054681 0.204071
vt 0.081057 0.003726
vt 0.081057 0.214996
vt 0.109361 0.000000
vt 0.109361 0.218723
vt 0.137666 0.003726
vt 0.137666 0.214996
vt 0.164042 0.014652
vt 0.164042 0.204071
vt 0.186692 0.032031
vt 0.186692 0.186692
vt 0.204071 0.054681
vt 0.204071 0.164042
vt 0.214996 0.081057
vt 0.214996 0.137666
vt 0.218723 0.109361
vt 0.167612 2.515311
vt 0.139063 0.000000
vt 0.167612 0.000000
vt 0.139063 2.515311
vt 0.157162 2.515311
vt 0.128613 0.000000
vt 0.157162 0.000000
vt 0.128613 2.515311
vt 0.108426 0.000000
vt 0.079877 2.515311
vt 0.079877 0.000000
vt 0.108426 2.515311
vt 0.136975 0.000000
vt 0.136975 2.515311
vt 0.073460 2.515311
vt 0.044911 0.000000
vt 0.073460 0.000000
vt 0.044911 2.515311
vt 0.034462 2.515311
vt 0.005913 0.000000
vt 0.034462 0.000000
vt 0.005913 2.515311
vt -0.034462 2.515311
vt -0.005913 0.000000
vt -0.005913 2.515311
vt -0.034462 0.000000
vt -0.073460 2.515311
vt -0.044911 0.000000
vt -0.044911 2.515311
vt -0.073460 0.000000
vt -0.108426 2.515311
vt -0.079877 0.000000
vt -0.079877 2.515311
vt -0.108426 0.000000
vt -0.136975 2.515311
vt -0.136975 0.000000
vt -0.157162 2.515311
vt -0.128613 0.000000
vt -0.128613 2.515311
vt -0.157162 0.000000
vt -0.167612 2.515311
vt -0.139063 0.000000
vt -0.139063 2.515311
vt -0.167612 0.000000
vn 0.922200 0.386800 0.000000
vn 0.922200 0.386800 -0.005000
vn 0.922500 0.386000 0.002600
vn 0.922500 0.386000 0.001200
vn 0.922400 0.386200 -0.000800
vn 0.922400 0.386200 -0.006600
vn 0.922600 0.385800 -0.003000
vn 0.922600 0.385800 0.006600
vn 0.922400 0.386300 0.001600
vn 0.922400 0.386300 -0.001700
vn 0.922500 0.386000 0.001700
vn 0.922300 0.386300 -0.006300
vn 0.922600 0.385800 -0.001300
vn 0.922600 0.385800 0.006200
vn 0.922400 0.386200 0.002600
vn -0.922200 -0.386800 0.000000
vn -0.922200 -0.386800 0.005000
vn -0.922500 -0.386000 -0.002600
vn -0.922500 -0.386000 -0.001200
vn -0.922400 -0.386200 0.000800
vn -0.922400 -0.386200 -0.002600
vn -0.922600 -0.385800 -0.006200
vn -0.922600 -0.385800 0.001300
vn -0.922300 -0.386300 0.006300
vn -0.922400 -0.386300 0.001700
vn -0.922500 -0.386000 -0.001700
vn -0.922400 -0.386300 -0.001600
vn -0.922600 -0.385800 -0.006600
vn -0.922600 -0.385800 0.003000
vn -0.922400 -0.386200 0.006600
vn 0.322800 -0.771600 -0.548100
vn 0.369100 -0.882300 -0.292200
vn 0.322800 -0.771600 -0.548200
vn 0.369100 -0.882400 -0.291800
vn -0.369100 0.882400 0.291800
vn -0.322800 0.771600 0.548100
vn -0.369100 0.882300 0.292200
vn -0.322800 0.771600 0.548200
vn 0.385900 -0.922500 0.000000
vn -0.385900 0.922500 0.000000
vn 0.255400 -0.610500 -0.749800
vn 0.255500 -0.610700 -0.749500
vn -0.255400 0.610500 0.749800
vn -0.255500 0.610700 0.749500
vn 0.369200 -0.882600 0.291000
vn 0.369200 -0.882500 0.291400
vn -0.369200 0.882600 -0.291000
vn -0.369200 0.882500 -0.291400
vn 0.174700 -0.417600 -0.891700
vn -0.174700 0.417600 0.891700
vn -0.174700 0.417700 0.891700
vn 0.322700 -0.771400 0.548400
vn 0.322700 -0.771400 0.548500
vn -0.322700 0.771400 -0.548400
vn -0.322700 0.771400 -0.548500
vn 0.088600 -0.211800 -0.973300
vn -0.088600 0.211800 0.973300
vn 0.255000 -0.609600 0.750600
vn 0.255100 -0.609800 0.750400
vn -0.255000 0.609600 -0.750600
vn -0.255100 0.609800 -0.750400
vn -0.000000 0.000100 -1.000000
vn 0.000000 -0.000100 -1.000000
vn -0.000000 0.000100 1.000000
vn 0.000000 -0.000100 1.000000
vn 0.174700 -0.417700 0.891700
vn 0.174700 -0.417600 0.891700
vn -0.174700 0.417600 -0.891700
vn -0.174700 0.417700 -0.891700
vn -0.088600 0.211800 -0.973300
vn 0.088600 -0.211800 0.973300
vn -0.174700 0.417700 -0.891600
vn 0.174700 -0.417700 0.891600
vn -0.255100 0.609900 -0.750300
vn -0.255100 0.609700 -0.750500
vn 0.255100 -0.609700 0.750500
vn 0.255100 -0.609900 0.750300
vn -0.322800 0.771700 -0.547900
vn -0.322800 0.771800 -0.547900
vn 0.322800 -0.771700 0.547900
vn 0.322800 -0.771800 0.547900
vn -0.174700 0.417700 0.891600
vn 0.174700 -0.417700 -0.891600
vn -0.369300 0.882700 -0.290600
vn -0.369200 0.882700 -0.290800
vn 0.369300 -0.882700 0.290600
vn 0.369200 -0.882700 0.290800
vn -0.254800 0.609000 0.751100
vn -0.254700 0.608900 0.751300
vn 0.254700 -0.608900 -0.751300
vn 0.254800 -0.609000 -0.751100
vn -0.322700 0.771500 0.548300
vn -0.322700 0.771500 0.548200
vn 0.322700 -0.771500 -0.548300
vn 0.322700 -0.771500 -0.548200
vn -0.369300 0.882900 0.290000
vn -0.369300 0.883000 0.289800
vn 0.369300 -0.883000 -0.289800
vn 0.369300 -0.882900 -0.290000
vn -0.000000 -1.000000 -0.000000
vn -0.000000 1.000000 0.000000
vn -0.249500 0.899100 -0.359700
vn -0.257500 0.895500 -0.363100
vn -0.252100 0.897600 -0.361600
vn -0.251100 0.898100 -0.361200
vn -0.254300 0.896800 -0.362100
vn -0.251800 0.897900 -0.361000
vn -0.252800 0.897500 -0.361300
vn -0.254400 0.896800 -0.361900
vn -0.253900 0.897000 -0.361800
vn -0.253200 0.897300 -0.361500
vn -0.251700 0.897900 -0.361100
vn -0.251600 0.898000 -0.361000
vn -0.253000 0.897400 -0.361400
vn -0.254000 0.896900 -0.361900
vn -0.251700 0.897900 -0.361200
vn -0.252700 0.897400 -0.361700
vn -0.254500 0.896700 -0.362200
vn -0.253200 0.897300 -0.361600
vn -0.251300 0.898000 -0.361100
vn -0.248100 0.899500 -0.359700
vn -0.252100 0.897900 -0.360800
vn -0.265600 0.891700 -0.366500
vn 0.265600 -0.891700 0.366500
vn 0.252100 -0.897900 0.360800
vn 0.248100 -0.899500 0.359700
vn 0.251300 -0.898000 0.361100
vn 0.253200 -0.897300 0.361600
vn 0.254500 -0.896700 0.362100
vn 0.252700 -0.897400 0.361700
vn 0.251700 -0.897900 0.361200
vn 0.254000 -0.896900 0.361900
vn 0.253000 -0.897400 0.361400
vn 0.251600 -0.898000 0.361000
vn 0.251700 -0.897900 0.361100
vn 0.253200 -0.897300 0.361500
vn 0.253900 -0.897000 0.361800
vn 0.254400 -0.896800 0.361900
vn 0.252800 -0.897500 0.361300
vn 0.251800 -0.897900 0.361000
vn 0.254300 -0.896800 0.362100
vn 0.251100 -0.898100 0.361200
vn 0.252100 -0.897600 0.361600
vn 0.257500 -0.895500 0.363100
vn 0.249500 -0.899100 0.359700
vn 0.248600 -0.899500 0.359300
vn 0.252300 -0.897500 0.361700
vn 0.251300 -0.898000 0.361200
vn 0.253700 -0.897100 0.361800
vn 0.252700 -0.897500 0.361500
vn 0.252500 -0.897600 0.361400
vn 0.254600 -0.896700 0.362100
vn 0.251500 -0.897900 0.361300
vn 0.251600 -0.897900 0.361300
vn 0.254700 -0.896600 0.362200
vn 0.252200 -0.897800 0.361100
vn 0.250100 -0.898600 0.360500
vn 0.252900 -0.897300 0.361700
vn 0.254500 -0.896700 0.362200
vn 0.254600 -0.896700 0.362000
vn 0.251000 -0.898400 0.360500
vn 0.251800 -0.898100 0.360700
vn 0.254200 -0.897000 0.361700
vn -0.254200 0.897000 -0.361700
vn -0.251800 0.898100 -0.360700
vn -0.251000 0.898400 -0.360500
vn -0.254600 0.896700 -0.362000
vn -0.252900 0.897300 -0.361700
vn -0.250100 0.898600 -0.360500
vn -0.252200 0.897800 -0.361100
vn -0.254700 0.896600 -0.362200
vn -0.251600 0.897900 -0.361300
vn -0.251500 0.897900 -0.361300
vn -0.254600 0.896700 -0.362100
vn -0.252500 0.897600 -0.361400
vn -0.252700 0.897500 -0.361500
vn -0.253700 0.897100 -0.361800
vn -0.251300 0.898000 -0.361200
vn -0.252300 0.897500 -0.361700
vn -0.248600 0.899500 -0.359300
vn 0.244600 -0.891100 -0.382300
vn 0.240100 -0.892400 -0.382200
vn 0.232900 -0.894000 -0.382800
vn 0.237700 -0.892600 -0.383000
vn 0.241800 -0.891700 -0.382600
vn 0.242200 -0.891600 -0.382700
vn 0.238900 -0.892300 -0.383000
vn 0.238700 -0.892400 -0.383000
vn 0.240000 -0.892100 -0.382900
vn 0.237700 -0.892700 -0.382800
vn 0.238800 -0.892500 -0.382700
vn 0.238400 -0.892600 -0.382700
vn 0.239000 -0.892500 -0.382600
vn 0.241800 -0.891700 -0.382700
vn 0.239000 -0.892300 -0.383000
vn 0.235400 -0.893300 -0.382800
vn 0.238400 -0.892600 -0.382600
vn 0.242700 -0.891400 -0.382700
vn 0.233800 -0.893700 -0.382900
vn -0.233800 0.893700 0.382900
vn -0.238900 0.892300 0.383000
vn -0.242700 0.891400 0.382700
vn -0.238400 0.892600 0.382600
vn -0.235400 0.893300 0.382900
vn -0.239000 0.892300 0.383000
vn -0.241800 0.891700 0.382700
vn -0.239000 0.892500 0.382600
vn -0.238400 0.892600 0.382700
vn -0.238800 0.892500 0.382700
vn -0.237700 0.892700 0.382800
vn -0.240000 0.892100 0.382900
vn -0.238700 0.892400 0.383000
vn -0.242200 0.891600 0.382700
vn -0.241700 0.891700 0.382600
vn -0.237700 0.892600 0.383000
vn -0.232900 0.894000 0.382800
vn -0.240100 0.892400 0.382200
vn -0.244600 0.891100 0.382300
vn -0.228400 0.895700 0.381600
vn -0.246900 0.890500 0.382100
vn -0.236900 0.893100 0.382500
vn -0.238500 0.892700 0.382300
vn -0.241300 0.891900 0.382400
vn -0.238600 0.892500 0.382700
vn -0.240000 0.892200 0.382600
vn -0.238900 0.892500 0.382600
vn -0.239400 0.892400 0.382600
vn -0.238700 0.892600 0.382500
vn -0.236600 0.893100 0.382500
vn -0.242000 0.891900 0.382000
vn -0.242600 0.891700 0.382000
vn 0.242600 -0.891700 -0.382000
vn 0.242000 -0.891900 -0.382000
vn 0.236600 -0.893100 -0.382500
vn 0.238700 -0.892600 -0.382500
vn 0.239400 -0.892400 -0.382600
vn 0.238900 -0.892500 -0.382600
vn 0.240000 -0.892200 -0.382600
vn 0.238600 -0.892500 -0.382700
vn 0.241300 -0.891900 -0.382400
vn 0.238500 -0.892700 -0.382300
vn 0.236900 -0.893100 -0.382500
vn 0.241700 -0.891700 -0.382600
vn 0.246900 -0.890500 -0.382100
vn 0.228400 -0.895700 -0.381600
vn 0.707400 -0.000000 0.706800
vn 0.499200 -0.000000 0.866500
vn -0.499200 0.000000 -0.866500
vn -0.707400 0.000000 -0.706800
vn 0.866300 -0.000000 0.499600
vn -0.866300 0.000000 -0.499600
vn 0.258800 -0.000000 0.965900
vn -0.258800 0.000000 -0.965900
vn 0.965900 0.000000 -0.258800
vn 1.000000 -0.000000 -0.000300
vn -0.965900 -0.000000 0.258800
vn -1.000000 -0.000000 0.000300
vn 0.965800 -0.000000 0.259400
vn -0.965800 0.000000 -0.259400
vn 0.000000 -0.000000 1.000000
vn 0.000000 0.000000 -1.000000
vn -0.258800 -0.000000 0.965900
vn 0.258800 0.000000 -0.965900
vn -0.499200 -0.000000 0.866500
vn 0.499200 0.000000 -0.866500
vn -0.707400 -0.000000 0.706800
vn 0.707400 0.000000 -0.706800
vn -0.866300 -0.000000 0.499600
vn 0.866300 0.000000 -0.499600
vn -0.965800 -0.000000 0.259400
vn 0.965800 0.000000 -0.259400
vn -1.000000 0.000000 -0.000300
vn 1.000000 0.000000 0.000300
vn -0.965900 0.000000 -0.258800
vn 0.965900 -0.000000 0.258800
vn -0.866700 0.000000 -0.498700
vn 0.866700 -0.000000 0.498700
vn 0.866700 0.000000 -0.498700
vn -0.866700 -0.000000 0.498700
vn -0.669300 0.107600 0.735100
vn -0.465600 0.214700 0.858600
vn -0.669500 0.107500 0.735000
vn -0.463800 0.215500 0.859300
vn 0.463800 -0.215500 -0.859300
vn 0.669300 -0.107600 -0.735100
vn 0.465600 -0.214700 -0.858600
vn 0.669500 -0.107500 -0.735000
vn -0.826200 -0.005800 0.563400
vn -0.825900 -0.005600 0.563800
vn 0.826200 0.005800 -0.563400
vn 0.825900 0.005600 -0.563800
vn -0.227700 0.308000 0.923700
vn -0.229800 0.307300 0.923400
vn 0.229800 -0.307300 -0.923400
vn 0.227700 -0.308000 -0.923700
vn 0.023000 0.379200 0.925000
vn 0.020700 0.378600 0.925300
vn -0.020700 -0.378600 -0.925300
vn -0.023000 -0.379200 -0.925000
vn 0.273000 0.424700 0.863200
vn -0.273000 -0.424700 -0.863200
vn 0.503000 0.441200 0.743200
vn 0.501600 0.441100 0.744200
vn -0.503000 -0.441200 -0.743200
vn -0.501600 -0.441100 -0.744200
vn 0.700600 0.427600 0.571300
vn 0.700200 0.427600 0.571700
vn -0.700600 -0.427600 -0.571300
vn -0.700200 -0.427600 -0.571700
vn 0.849200 0.384900 0.361600
vn 0.849500 0.384800 0.361000
vn -0.849200 -0.384900 -0.361600
vn -0.849500 -0.384800 -0.361000
vn 0.940200 0.316100 0.127100
vn 0.940000 0.316300 0.127700
vn -0.940200 -0.316100 -0.127100
vn -0.940000 -0.316300 -0.127700
vn 0.967200 0.224500 -0.119100
vn 0.967200 0.224700 -0.118600
vn -0.967200 -0.224500 0.119100
vn -0.967200 -0.224700 0.118600
vn 0.929000 0.120800 -0.349900
vn 0.929200 0.121100 -0.349300
vn -0.929000 -0.120800 0.349900
vn -0.929200 -0.121100 0.349300
vn 0.826300 0.005900 -0.563300
vn 0.827100 0.006600 -0.562000
vn -0.827100 -0.006600 0.562000
vn -0.826300 -0.005900 0.563300
vn 0.666900 -0.109100 -0.737100
vn 0.666700 -0.109200 -0.737300
vn -0.666700 0.109200 0.737300
vn -0.666900 0.109100 0.737100
vn 0.465500 -0.214800 -0.858600
vn 0.463800 -0.215600 -0.859300
vn -0.463800 0.215600 0.859300
vn -0.465500 0.214800 0.858600
vn -0.022900 -0.379200 -0.925000
vn 0.022900 0.379200 0.925000
vn -0.272900 -0.424700 -0.863200
vn 0.272900 0.424700 0.863200
vn -0.698700 -0.427900 -0.573400
vn -0.698700 -0.427900 -0.573300
vn 0.698700 0.427900 0.573300
vn 0.698700 0.427900 0.573400
vn -0.849800 -0.384700 -0.360500
vn -0.849700 -0.384700 -0.360600
vn 0.849700 0.384700 0.360600
vn 0.849800 0.384700 0.360500
vn -0.940000 -0.316400 -0.127900
vn 0.940000 0.316400 0.127900
vn -0.967300 -0.226600 0.114000
vn -0.967300 -0.226600 0.114100
vn 0.967300 0.226600 -0.114100
vn 0.967300 0.226600 -0.114000
vn -0.927600 -0.118700 0.354200
vn -0.928000 -0.119200 0.353100
vn 0.928000 0.119200 -0.353100
vn 0.927600 0.118700 -0.354200
vn -0.374600 0.278900 -0.884200
vn -0.130700 0.361000 -0.923400
vn -0.376600 0.278100 -0.883700
vn -0.130800 0.360900 -0.923400
vn 0.130800 -0.360900 0.923400
vn 0.374600 -0.278900 0.884200
vn 0.130700 -0.361000 0.923400
vn 0.376600 -0.278100 0.883700
vn -0.594100 0.177300 -0.784600
vn -0.597100 0.175600 -0.782700
vn 0.594100 -0.177300 0.784600
vn 0.597100 -0.175600 0.782700
vn 0.122000 0.418600 -0.899900
vn 0.121900 0.418600 -0.900000
vn -0.121900 -0.418600 0.900000
vn -0.122000 -0.418600 0.899900
vn 0.368600 0.448100 -0.814500
vn 0.366500 0.447900 -0.815500
vn -0.366500 -0.447900 0.815500
vn -0.368600 -0.448100 0.814500
vn 0.587000 0.446800 -0.675100
vn 0.587700 0.446700 -0.674500
vn -0.587700 -0.446700 0.674500
vn -0.587000 -0.446800 0.675100
vn 0.766800 0.415300 -0.489400
vn 0.767300 0.415200 -0.488700
vn -0.766800 -0.415300 0.489400
vn -0.767300 -0.415200 0.488700
vn 0.895300 0.355100 -0.268800
vn 0.895100 0.355300 -0.269200
vn -0.895300 -0.355100 0.268800
vn -0.895100 -0.355300 0.269200
vn 0.962600 0.269500 -0.027100
vn 0.962000 0.271300 -0.031400
vn -0.962600 -0.269500 0.027100
vn -0.962000 -0.271300 0.031400
vn 0.963300 0.168600 0.208900
vn -0.963300 -0.168600 -0.208900
vn 0.899400 0.055100 0.433700
vn -0.899400 -0.055100 -0.433700
vn 0.771600 -0.064600 0.632800
vn -0.771600 0.064600 -0.632800
vn 0.594400 -0.177100 0.784500
vn 0.594300 -0.177100 0.784500
vn -0.594300 0.177100 -0.784500
vn -0.594400 0.177100 -0.784500
vn 0.376600 -0.278000 0.883700
vn 0.376500 -0.278000 0.883700
vn -0.376500 0.278000 -0.883700
vn -0.376600 0.278000 -0.883700
vn -0.121800 -0.418600 0.900000
vn 0.121800 0.418600 -0.900000
vn -0.366400 -0.447900 0.815500
vn 0.366400 0.447900 -0.815500
vn -0.589000 -0.446700 0.673500
vn -0.588900 -0.446700 0.673600
vn 0.588900 0.446700 -0.673600
vn 0.589000 0.446700 -0.673500
vn -0.767700 -0.415100 0.488200
vn -0.767100 -0.415300 0.489000
vn 0.767100 0.415300 -0.489000
vn 0.767700 0.415100 -0.488200
vn -0.895200 -0.355300 0.269100
vn -0.894900 -0.355500 0.269700
vn 0.894900 0.355500 -0.269700
vn 0.895200 0.355300 -0.269100
vn -0.962500 -0.269800 0.027700
vn -0.962000 -0.271300 0.031700
vn 0.962000 0.271300 -0.031700
vn 0.962500 0.269800 -0.027700
vn -0.963300 -0.168300 -0.209300
vn -0.963300 -0.168400 -0.209200
vn 0.963300 0.168400 0.209200
vn 0.963300 0.168300 0.209300
vn -0.899100 -0.054600 -0.434400
vn -0.897300 -0.052600 -0.438200
vn 0.897300 0.052600 0.438200
vn 0.899100 0.054600 0.434400
vn -0.772800 0.063700 -0.631500
vn -0.773700 0.063000 -0.630400
vn 0.773700 -0.063000 0.630400
vn 0.772800 -0.063700 0.631500
usemtl __Wood_Lumber_ButtJoined_2
s off
f 577/1/1 578/1/1 579/1/1
f 578/1/2 577/1/2 580/1/2
f 578/1/3 580/1/3 581/1/3
f 581/1/4 580/1/4 582/1/4
f 581/1/5 582/1/5 583/1/5
f 583/1/6 582/1/6 584/1/6
f 583/1/7 584/1/7 585/1/7
f 585/1/8 584/1/8 586/1/8
f 585/1/9 586/1/9 587/1/9
f 587/1/10 586/1/10 588/1/10
f 587/1/11 588/1/11 589/1/11
f 589/1/11 588/1/11 590/1/11
f 589/1/10 590/1/10 591/1/10
f 591/1/12 590/1/12 592/1/12
f 591/1/13 592/1/13 593/1/13
f 593/1/14 592/1/14 594/1/14
f 593/1/15 594/1/15 595/1/15
f 595/1/5 594/1/5 596/1/5
f 595/1/4 596/1/4 597/1/4
f 597/1/3 596/1/3 598/1/3
f 597/1/2 598/1/2 599/1/2
f 599/1/1 598/1/1 600/1/1
usemtl Wood_Cherry_Original
f 601/1/16 602/1/16 603/1/16
f 603/1/17 602/1/17 604/1/17
f 602/1/18 605/1/18 604/1/18
f 604/1/19 605/1/19 606/1/19
f 605/1/20 607/1/20 606/1/20
f 606/1/21 607/1/21 608/1/21
f 607/1/22 609/1/22 608/1/22
f 608/1/23 609/1/23 610/1/23
f 609/1/24 611/1/24 610/1/24
f 610/1/25 611/1/25 612/1/25
f 611/1/26 613/1/26 612/1/26
f 612/1/26 613/1/26 614/1/26
f 613/1/25 615/1/25 614/1/25
f 614/1/27 615/1/27 616/1/27
f 615/1/28 617/1/28 616/1/28
f 616/1/29 617/1/29 618/1/29
f 617/1/30 619/1/30 618/1/30
f 618/1/20 619/1/20 620/1/20
f 619/1/19 621/1/19 620/1/19
f 620/1/18 621/1/18 622/1/18
f 621/1/17 623/1/17 622/1/17
f 624/1/16 622/1/16 623/1/16
s 1
f 625/1/31 626/1/32 627/1/33
f 626/1/32 625/1/31 628/1/34
f 629/1/35 630/1/36 631/1/37
f 632/1/38 631/1/37 630/1/36
f 628/1/34 633/1/39 626/1/32
f 633/1/39 628/1/34 634/1/39
f 635/1/40 629/1/35 636/1/40
f 631/1/37 636/1/40 629/1/35
f 637/1/41 627/1/33 638/1/42
f 627/1/33 637/1/41 625/1/31
f 630/1/36 639/1/43 632/1/38
f 640/1/44 632/1/38 639/1/43
f 633/1/39 641/1/45 642/1/46
f 641/1/45 633/1/39 634/1/39
f 635/1/40 636/1/40 643/1/47
f 644/1/48 643/1/47 636/1/40
f 645/1/49 637/1/41 638/1/42
f 637/1/41 645/1/49 646/1/49
f 647/1/50 648/1/51 639/1/43
f 640/1/44 639/1/43 648/1/51
f 642/1/46 649/1/52 650/1/53
f 649/1/52 642/1/46 641/1/45
f 643/1/47 644/1/48 651/1/54
f 652/1/55 651/1/54 644/1/48
f 653/1/56 646/1/49 645/1/49
f 646/1/49 653/1/56 654/1/56
f 655/1/57 656/1/57 647/1/50
f 648/1/51 647/1/50 656/1/57
f 650/1/53 657/1/58 658/1/59
f 657/1/58 650/1/53 649/1/52
f 651/1/54 652/1/55 659/1/60
f 660/1/61 659/1/60 652/1/55
f 661/1/62 654/1/56 653/1/56
f 654/1/56 661/1/62 662/1/63
f 663/1/64 664/1/65 655/1/57
f 656/1/57 655/1/57 664/1/65
f 657/1/58 665/1/66 658/1/59
f 665/1/66 657/1/58 666/1/67
f 667/1/68 659/1/60 668/1/69
f 660/1/61 668/1/69 659/1/60
f 669/1/70 662/1/63 661/1/62
f 662/1/63 669/1/70 670/1/70
f 671/1/71 672/1/71 663/1/64
f 664/1/65 663/1/64 672/1/71
f 666/1/67 673/1/71 665/1/66
f 673/1/71 666/1/67 674/1/71
f 675/1/70 667/1/68 676/1/70
f 668/1/69 676/1/70 667/1/68
f 677/1/72 670/1/70 669/1/70
f 670/1/70 677/1/72 678/1/69
f 679/1/66 680/1/73 671/1/71
f 672/1/71 671/1/71 680/1/73
f 674/1/71 681/1/64 673/1/71
f 681/1/64 674/1/71 682/1/65
f 683/1/62 675/1/70 684/1/63
f 676/1/70 684/1/63 675/1/70
f 685/1/74 678/1/69 677/1/72
f 678/1/69 685/1/74 686/1/75
f 687/1/76 688/1/77 679/1/66
f 680/1/73 679/1/66 688/1/77
f 682/1/65 689/1/57 681/1/64
f 689/1/57 682/1/65 690/1/57
f 691/1/56 683/1/62 692/1/56
f 684/1/63 692/1/56 683/1/62
f 693/1/78 685/1/74 694/1/79
f 685/1/74 693/1/78 686/1/75
f 687/1/76 695/1/80 688/1/77
f 696/1/81 688/1/77 695/1/80
f 690/1/57 697/1/82 689/1/57
f 697/1/82 690/1/57 698/1/50
f 699/1/49 691/1/56 700/1/83
f 692/1/56 700/1/83 691/1/56
f 701/1/84 694/1/79 702/1/85
f 694/1/79 701/1/84 693/1/78
f 695/1/80 703/1/86 696/1/81
f 704/1/87 696/1/81 703/1/86
f 698/1/50 705/1/88 697/1/82
f 705/1/88 698/1/50 706/1/89
f 707/1/90 699/1/49 708/1/91
f 700/1/83 708/1/91 699/1/49
f 709/1/40 702/1/85 710/1/40
f 702/1/85 709/1/40 701/1/84
f 703/1/86 711/1/39 704/1/87
f 712/1/39 704/1/87 711/1/39
f 705/1/88 713/1/92 714/1/93
f 713/1/92 705/1/88 706/1/89
f 707/1/90 708/1/91 715/1/94
f 716/1/95 715/1/94 708/1/91
f 717/1/96 709/1/40 710/1/40
f 709/1/40 717/1/96 718/1/97
f 719/1/98 720/1/99 711/1/39
f 712/1/39 711/1/39 720/1/99
f 714/1/93 718/1/97 717/1/96
f 718/1/97 714/1/93 713/1/92
f 715/1/94 716/1/95 719/1/98
f 720/1/99 719/1/98 716/1/95
usemtl Wood_Cherry_Original_1
s off
f 1/2/100 2/3/100 3/4/100
f 2/3/100 1/2/100 4/5/100
f 2/3/100 4/5/100 5/6/100
f 5/6/100 4/5/100 6/7/100
f 5/6/100 6/7/100 7/8/100
f 7/8/100 6/7/100 8/9/100
f 7/8/100 8/9/100 9/10/100
f 9/10/100 8/9/100 10/11/100
f 9/10/100 10/11/100 11/12/100
f 11/12/100 10/11/100 12/13/100
f 11/12/100 12/13/100 13/14/100
f 13/14/100 12/13/100 14/15/100
f 13/14/100 14/15/100 15/16/100
f 15/16/100 14/15/100 16/17/100
f 15/16/100 16/17/100 17/18/100
f 17/18/100 16/17/100 18/19/100
f 17/18/100 18/19/100 19/20/100
f 19/20/100 18/19/100 20/21/100
f 19/20/100 20/21/100 21/22/100
f 21/22/100 20/21/100 22/23/100
f 21/22/100 22/23/100 23/24/100
f 23/24/100 22/23/100 24/25/100
f 25/25/101 26/23/101 27/24/101
f 27/24/101 26/23/101 28/22/101
f 26/23/101 29/21/101 28/22/101
f 28/22/101 29/21/101 30/20/101
f 29/21/101 31/19/101 30/20/101
f 30/20/101 31/19/101 32/18/101
f 31/19/101 33/17/101 32/18/101
f 32/18/101 33/17/101 34/16/101
f 33/17/101 35/15/101 34/16/101
f 34/16/101 35/15/101 36/14/101
f 35/15/101 37/13/101 36/14/101
f 36/14/101 37/13/101 38/12/101
f 37/13/101 39/11/101 38/12/101
f 38/12/101 39/11/101 40/10/101
f 39/11/101 41/9/101 40/10/101
f 40/10/101 41/9/101 42/8/101
f 41/9/101 43/7/101 42/8/101
f 42/8/101 43/7/101 44/6/101
f 43/7/101 45/5/101 44/6/101
f 44/6/101 45/5/101 46/3/101
f 45/5/101 47/2/101 46/3/101
f 48/4/101 46/3/101 47/2/101
f 49/26/101 50/27/101 51/4/101
f 50/27/101 49/26/101 52/28/101
f 50/27/101 52/28/101 53/29/101
f 53/29/101 52/28/101 54/30/101
f 53/29/101 54/30/101 55/31/101
f 55/31/101 54/30/101 56/32/101
f 55/31/101 56/32/101 57/33/101
f 57/33/101 56/32/101 58/34/101
f 57/33/101 58/34/101 59/35/101
f 59/35/101 58/34/101 60/36/101
f 59/35/101 60/36/101 61/37/101
f 61/37/101 60/36/101 62/38/101
f 61/37/101 62/38/101 63/39/101
f 63/39/101 62/38/101 64/40/101
f 63/39/101 64/40/101 65/41/101
f 65/41/101 64/40/101 66/42/101
f 65/41/101 66/42/101 67/43/101
f 67/43/101 66/42/101 68/44/101
f 67/43/101 68/44/101 69/45/101
f 69/45/101 68/44/101 70/46/101
f 69/45/101 70/46/101 71/47/101
f 71/47/101 70/46/101 72/48/101
f 73/48/100 74/46/100 75/47/100
f 75/47/100 74/46/100 76/45/100
f 74/46/100 77/44/100 76/45/100
f 76/45/100 77/44/100 78/43/100
f 77/44/100 79/42/100 78/43/100
f 78/43/100 79/42/100 80/41/100
f 79/42/100 81/40/100 80/41/100
f 80/41/100 81/40/100 82/39/100
f 81/40/100 83/38/100 82/39/100
f 82/39/100 83/38/100 84/37/100
f 83/38/100 85/36/100 84/37/100
f 84/37/100 85/36/100 86/35/100
f 85/36/100 87/34/100 86/35/100
f 86/35/100 87/34/100 88/33/100
f 87/34/100 89/32/100 88/33/100
f 88/33/100 89/32/100 90/31/100
f 89/32/100 91/30/100 90/31/100
f 90/31/100 91/30/100 92/29/100
f 91/30/100 93/28/100 92/29/100
f 92/29/100 93/28/100 94/27/100
f 93/28/100 95/26/100 94/27/100
f 96/4/100 94/27/100 95/26/100
f 97/1/102 98/1/102 99/1/102
f 98/1/103 97/1/103 100/1/103
f 98/1/104 100/1/104 101/1/104
f 101/1/105 100/1/105 102/1/105
f 101/1/106 102/1/106 103/1/106
f 103/1/107 102/1/107 104/1/107
f 103/1/108 104/1/108 105/1/108
f 105/1/109 104/1/109 106/1/109
f 105/1/110 106/1/110 107/1/110
f 107/1/111 106/1/111 108/1/111
f 107/1/112 108/1/112 109/1/112
f 109/1/113 108/1/113 110/1/113
f 109/1/114 110/1/114 111/1/114
f 111/1/115 110/1/115 112/1/115
f 111/1/116 112/1/116 113/1/116
f 113/1/117 112/1/117 114/1/117
f 113/1/118 114/1/118 115/1/118
f 115/1/119 114/1/119 116/1/119
f 115/1/120 116/1/120 117/1/120
f 117/1/121 116/1/121 118/1/121
f 117/1/122 118/1/122 119/1/122
f 119/1/123 118/1/123 120/1/123
f 121/1/124 122/1/124 123/1/124
f 123/1/125 122/1/125 124/1/125
f 122/1/126 125/1/126 124/1/126
f 124/1/127 125/1/127 126/1/127
f 125/1/128 127/1/128 126/1/128
f 126/1/129 127/1/129 128/1/129
f 127/1/130 129/1/130 128/1/130
f 128/1/131 129/1/131 130/1/131
f 129/1/132 131/1/132 130/1/132
f 130/1/133 131/1/133 132/1/133
f 131/1/134 133/1/134 132/1/134
f 132/1/135 133/1/135 134/1/135
f 133/1/136 135/1/136 134/1/136
f 134/1/137 135/1/137 136/1/137
f 135/1/138 137/1/138 136/1/138
f 136/1/139 137/1/139 138/1/139
f 137/1/140 139/1/140 138/1/140
f 138/1/141 139/1/141 140/1/141
f 139/1/142 141/1/142 140/1/142
f 140/1/143 141/1/143 142/1/143
f 141/1/144 143/1/144 142/1/144
f 144/1/145 142/1/145 143/1/145
f 145/1/146 146/1/146 147/1/146
f 146/1/144 145/1/144 148/1/144
f 148/1/147 145/1/147 149/1/147
f 148/1/148 149/1/148 150/1/148
f 150/1/141 149/1/141 151/1/141
f 150/1/149 151/1/149 152/1/149
f 152/1/150 151/1/150 153/1/150
f 152/1/151 153/1/151 154/1/151
f 154/1/132 153/1/132 155/1/132
f 154/1/152 155/1/152 156/1/152
f 156/1/153 155/1/153 157/1/153
f 156/1/154 157/1/154 158/1/154
f 158/1/155 157/1/155 159/1/155
f 158/1/156 159/1/156 160/1/156
f 160/1/157 159/1/157 161/1/157
f 160/1/158 161/1/158 162/1/158
f 162/1/159 161/1/159 163/1/159
f 162/1/128 163/1/128 164/1/128
f 164/1/160 163/1/160 165/1/160
f 164/1/161 165/1/161 166/1/161
f 166/1/162 165/1/162 167/1/162
f 166/1/163 167/1/163 168/1/163
f 169/1/164 170/1/164 171/1/164
f 170/1/165 172/1/165 171/1/165
f 171/1/166 172/1/166 173/1/166
f 172/1/167 174/1/167 173/1/167
f 173/1/119 174/1/119 175/1/119
f 174/1/118 176/1/118 175/1/118
f 175/1/168 176/1/168 177/1/168
f 176/1/169 178/1/169 177/1/169
f 177/1/170 178/1/170 179/1/170
f 178/1/171 180/1/171 179/1/171
f 179/1/172 180/1/172 181/1/172
f 180/1/173 182/1/173 181/1/173
f 181/1/174 182/1/174 183/1/174
f 182/1/115 184/1/115 183/1/115
f 183/1/175 184/1/175 185/1/175
f 184/1/176 186/1/176 185/1/176
f 185/1/177 186/1/177 187/1/177
f 186/1/106 188/1/106 187/1/106
f 187/1/178 188/1/178 189/1/178
f 188/1/179 190/1/179 189/1/179
f 189/1/103 190/1/103 191/1/103
f 192/1/180 191/1/180 190/1/180
f 193/1/181 194/1/181 195/1/181
f 194/1/182 193/1/182 196/1/182
f 194/1/183 196/1/183 197/1/183
f 197/1/184 196/1/184 198/1/184
f 197/1/185 198/1/185 199/1/185
f 199/1/186 198/1/186 200/1/186
f 199/1/187 200/1/187 201/1/187
f 201/1/187 200/1/187 202/1/187
f 201/1/188 202/1/188 203/1/188
f 203/1/188 202/1/188 204/1/188
f 203/1/189 204/1/189 205/1/189
f 205/1/190 204/1/190 206/1/190
f 205/1/191 206/1/191 207/1/191
f 207/1/192 206/1/192 208/1/192
f 207/1/193 208/1/193 209/1/193
f 209/1/194 208/1/194 210/1/194
f 209/1/195 210/1/195 211/1/195
f 211/1/196 210/1/196 212/1/196
f 211/1/197 212/1/197 213/1/197
f 213/1/198 212/1/198 214/1/198
f 213/1/187 214/1/187 215/1/187
f 215/1/199 214/1/199 216/1/199
f 217/1/200 218/1/200 219/1/200
f 219/1/201 218/1/201 220/1/201
f 218/1/202 221/1/202 220/1/202
f 220/1/203 221/1/203 222/1/203
f 221/1/204 223/1/204 222/1/204
f 222/1/205 223/1/205 224/1/205
f 223/1/206 225/1/206 224/1/206
f 224/1/207 225/1/207 226/1/207
f 225/1/208 227/1/208 226/1/208
f 226/1/209 227/1/209 228/1/209
f 227/1/210 229/1/210 228/1/210
f 228/1/211 229/1/211 230/1/211
f 229/1/212 231/1/212 230/1/212
f 230/1/212 231/1/212 232/1/212
f 231/1/201 233/1/201 232/1/201
f 232/1/201 233/1/201 234/1/201
f 233/1/213 235/1/213 234/1/213
f 234/1/214 235/1/214 236/1/214
f 235/1/215 237/1/215 236/1/215
f 236/1/216 237/1/216 238/1/216
f 237/1/217 239/1/217 238/1/217
f 240/1/218 238/1/218 239/1/218
f 241/1/219 242/1/219 243/1/219
f 242/1/220 241/1/220 244/1/220
f 244/1/215 241/1/215 245/1/215
f 244/1/215 245/1/215 246/1/215
f 246/1/214 245/1/214 247/1/214
f 246/1/221 247/1/221 248/1/221
f 248/1/222 247/1/222 249/1/222
f 248/1/223 249/1/223 250/1/223
f 250/1/224 249/1/224 251/1/224
f 250/1/209 251/1/209 252/1/209
f 252/1/225 251/1/225 253/1/225
f 252/1/225 253/1/225 254/1/225
f 254/1/209 253/1/209 255/1/209
f 254/1/208 255/1/208 256/1/208
f 256/1/207 255/1/207 257/1/207
f 256/1/226 257/1/226 258/1/226
f 258/1/227 257/1/227 259/1/227
f 258/1/228 259/1/228 260/1/228
f 260/1/203 259/1/203 261/1/203
f 260/1/229 261/1/229 262/1/229
f 262/1/230 261/1/230 263/1/230
f 262/1/231 263/1/231 264/1/231
f 265/1/232 266/1/232 267/1/232
f 266/1/233 268/1/233 267/1/233
f 267/1/234 268/1/234 269/1/234
f 268/1/197 270/1/197 269/1/197
f 269/1/235 270/1/235 271/1/235
f 270/1/236 272/1/236 271/1/236
f 271/1/237 272/1/237 273/1/237
f 272/1/193 274/1/193 273/1/193
f 273/1/192 274/1/192 275/1/192
f 274/1/191 276/1/191 275/1/191
f 275/1/238 276/1/238 277/1/238
f 276/1/238 278/1/238 277/1/238
f 277/1/191 278/1/191 279/1/191
f 278/1/239 280/1/239 279/1/239
f 279/1/240 280/1/240 281/1/240
f 280/1/241 282/1/241 281/1/241
f 281/1/242 282/1/242 283/1/242
f 282/1/243 284/1/243 283/1/243
f 283/1/184 284/1/184 285/1/184
f 284/1/184 286/1/184 285/1/184
f 285/1/244 286/1/244 287/1/244
f 288/1/245 287/1/245 286/1/245
s 1
f 289/49/246 290/50/247 291/51/246
f 290/50/247 289/49/246 292/52/247
f 293/52/248 294/49/249 295/50/248
f 296/51/249 295/50/248 294/49/249
f 297/51/250 289/52/246 291/50/246
f 289/52/246 297/51/250 298/49/250
f 299/49/251 300/51/251 294/52/249
f 296/50/249 294/52/249 300/51/251
f 292/53/247 301/54/252 290/55/247
f 301/54/252 292/53/247 302/56/252
f 303/56/253 293/53/248 304/54/253
f 295/55/248 304/54/253 293/53/248
f 305/57/254 306/58/255 307/59/255
f 306/58/255 305/57/254 308/60/254
f 309/60/256 310/57/256 311/58/257
f 312/59/257 311/58/257 310/57/256
f 307/61/255 313/60/258 314/57/258
f 313/60/258 307/61/255 306/62/255
f 311/62/257 312/61/257 315/60/259
f 316/57/259 315/60/259 312/61/257
f 314/55/258 298/56/250 297/54/250
f 298/56/250 314/55/258 313/53/258
f 315/53/259 316/55/259 299/56/251
f 300/54/251 299/56/251 316/55/259
f 302/62/252 317/57/260 301/61/252
f 317/57/260 302/62/252 318/60/260
f 319/60/261 303/62/253 320/57/261
f 304/61/253 320/57/261 303/62/253
f 318/60/260 321/59/262 317/57/260
f 321/59/262 318/60/260 322/58/262
f 323/58/263 319/60/261 324/59/263
f 320/57/261 324/59/263 319/60/261
f 322/63/262 325/64/264 321/65/262
f 325/64/264 322/63/262 326/66/264
f 327/66/265 323/63/263 328/64/265
f 324/65/263 328/64/265 323/63/263
f 326/67/264 329/68/266 325/69/264
f 329/68/266 326/67/264 330/70/266
f 331/70/267 327/67/265 332/68/267
f 328/69/265 332/68/267 327/67/265
f 333/71/268 329/72/266 330/73/266
f 329/72/266 333/71/268 334/74/268
f 335/74/269 336/71/269 332/72/267
f 331/73/267 332/72/267 336/71/269
f 337/75/270 334/76/268 333/77/268
f 334/76/268 337/75/270 338/78/270
f 339/78/271 340/75/271 335/76/269
f 336/77/269 335/76/269 340/75/271
f 341/79/272 338/80/270 337/81/270
f 338/80/270 341/79/272 342/82/272
f 343/82/273 344/79/273 339/80/271
f 340/81/271 339/80/271 344/79/273
f 345/83/274 342/82/272 341/79/272
f 342/82/272 345/83/274 346/84/274
f 347/84/275 348/83/275 343/82/273
f 344/79/273 343/82/273 348/83/275
f 349/85/276 346/86/274 345/87/274
f 346/86/274 349/85/276 350/88/276
f 351/88/277 352/85/277 347/86/275
f 348/87/275 347/86/275 352/85/277
f 353/89/249 350/90/276 349/91/276
f 350/90/276 353/89/249 354/92/249
f 355/92/246 356/89/246 351/90/277
f 352/91/277 351/90/277 356/89/246
f 353/91/249 357/92/248 354/90/249
f 357/92/248 353/91/249 358/89/248
f 359/89/247 356/91/246 360/92/247
f 355/90/246 360/92/247 356/91/246
f 358/87/248 361/88/253 357/86/248
f 361/88/253 358/87/248 362/85/253
f 363/85/252 359/87/247 364/88/252
f 360/86/247 364/88/252 359/87/247
f 362/79/253 365/84/261 361/82/253
f 365/84/261 362/79/253 366/83/261
f 367/83/260 363/79/252 368/84/260
f 364/82/252 368/84/260 363/79/252
f 366/81/261 369/82/263 365/80/261
f 369/82/263 366/81/261 370/79/263
f 371/79/262 367/81/260 372/82/262
f 368/80/260 372/82/262 367/81/260
f 370/77/263 373/78/265 369/76/263
f 373/78/265 370/77/263 374/75/265
f 375/75/264 371/77/262 376/78/264
f 372/76/262 376/78/264 371/77/262
f 374/73/265 377/74/267 373/72/265
f 377/74/267 374/73/265 378/71/267
f 379/71/266 375/73/264 380/74/266
f 376/72/264 380/74/266 375/73/264
f 377/69/267 381/70/278 382/68/278
f 381/70/278 377/69/267 378/67/267
f 379/67/266 380/69/266 383/70/279
f 384/68/279 383/70/279 380/69/266
f 382/65/278 308/66/254 305/64/254
f 308/66/254 382/65/278 381/63/278
f 383/63/279 384/65/279 309/66/256
f 310/64/256 309/66/256 384/65/279
f 385/1/280 386/1/281 387/1/282
f 386/1/281 385/1/280 388/1/283
f 389/1/284 390/1/285 391/1/286
f 392/1/287 391/1/286 390/1/285
f 393/1/288 387/1/282 394/1/289
f 387/1/282 393/1/288 385/1/280
f 390/1/285 395/1/290 392/1/287
f 396/1/291 392/1/287 395/1/290
f 388/1/283 397/1/292 386/1/281
f 397/1/292 388/1/283 398/1/293
f 399/1/294 389/1/284 400/1/295
f 391/1/286 400/1/295 389/1/284
f 398/1/293 401/1/296 397/1/292
f 401/1/296 398/1/293 402/1/297
f 403/1/298 399/1/294 404/1/299
f 400/1/295 404/1/299 399/1/294
f 402/1/297 405/1/300 401/1/296
f 405/1/300 402/1/297 406/1/300
f 407/1/301 403/1/298 408/1/301
f 404/1/299 408/1/301 403/1/298
f 405/1/300 409/1/302 410/1/303
f 409/1/302 405/1/300 406/1/300
f 407/1/301 408/1/301 411/1/304
f 412/1/305 411/1/304 408/1/301
f 410/1/303 413/1/306 414/1/307
f 413/1/306 410/1/303 409/1/302
f 411/1/304 412/1/305 415/1/308
f 416/1/309 415/1/308 412/1/305
f 414/1/307 417/1/310 418/1/311
f 417/1/310 414/1/307 413/1/306
f 415/1/308 416/1/309 419/1/312
f 420/1/313 419/1/312 416/1/309
f 418/1/311 421/1/314 422/1/315
f 421/1/314 418/1/311 417/1/310
f 419/1/312 420/1/313 423/1/316
f 424/1/317 423/1/316 420/1/313
f 422/1/315 425/1/318 426/1/319
f 425/1/318 422/1/315 421/1/314
f 423/1/316 424/1/317 427/1/320
f 428/1/321 427/1/320 424/1/317
f 426/1/319 429/1/322 430/1/323
f 429/1/322 426/1/319 425/1/318
f 427/1/320 428/1/321 431/1/324
f 432/1/325 431/1/324 428/1/321
f 429/1/322 433/1/326 430/1/323
f 433/1/326 429/1/322 434/1/327
f 435/1/328 431/1/324 436/1/329
f 432/1/325 436/1/329 431/1/324
f 434/1/327 437/1/330 433/1/326
f 437/1/330 434/1/327 438/1/331
f 439/1/332 435/1/328 440/1/333
f 436/1/329 440/1/333 435/1/328
f 438/1/331 441/1/334 437/1/330
f 441/1/334 438/1/331 442/1/335
f 443/1/336 439/1/332 444/1/337
f 440/1/333 444/1/337 439/1/332
f 442/1/335 445/1/295 441/1/334
f 445/1/295 442/1/335 446/1/295
f 447/1/292 443/1/336 448/1/292
f 444/1/337 448/1/292 443/1/336
f 446/1/295 449/1/338 445/1/295
f 449/1/338 446/1/295 450/1/299
f 451/1/296 447/1/292 452/1/339
f 448/1/292 452/1/339 447/1/292
f 450/1/299 453/1/340 449/1/338
f 453/1/340 450/1/299 454/1/301
f 455/1/300 451/1/296 456/1/341
f 452/1/339 456/1/341 451/1/296
f 457/1/304 453/1/340 454/1/301
f 453/1/340 457/1/304 458/1/304
f 459/1/302 460/1/302 456/1/341
f 455/1/300 456/1/341 460/1/302
f 461/1/342 458/1/304 457/1/304
f 458/1/304 461/1/342 462/1/343
f 463/1/344 464/1/345 459/1/302
f 460/1/302 459/1/302 464/1/345
f 465/1/346 462/1/343 461/1/342
f 462/1/343 465/1/346 466/1/347
f 467/1/348 468/1/349 463/1/344
f 464/1/345 463/1/344 468/1/349
f 469/1/350 466/1/347 465/1/346
f 466/1/347 469/1/350 470/1/350
f 471/1/351 472/1/351 467/1/348
f 468/1/349 467/1/348 472/1/351
f 473/1/352 470/1/350 469/1/350
f 470/1/350 473/1/352 474/1/353
f 475/1/354 476/1/355 471/1/351
f 472/1/351 471/1/351 476/1/355
f 477/1/356 474/1/353 473/1/352
f 474/1/353 477/1/356 478/1/357
f 479/1/358 480/1/359 475/1/354
f 476/1/355 475/1/354 480/1/359
f 477/1/356 394/1/289 478/1/357
f 394/1/289 477/1/356 393/1/288
f 395/1/290 480/1/359 396/1/291
f 479/1/358 396/1/291 480/1/359
f 481/1/360 482/1/361 483/1/362
f 482/1/361 481/1/360 484/1/363
f 485/1/364 486/1/365 487/1/366
f 488/1/367 487/1/366 486/1/365
f 489/1/368 483/1/362 490/1/369
f 483/1/362 489/1/368 481/1/360
f 486/1/365 491/1/370 488/1/367
f 492/1/371 488/1/367 491/1/370
f 484/1/363 493/1/372 482/1/361
f 493/1/372 484/1/363 494/1/373
f 495/1/374 485/1/364 496/1/375
f 487/1/366 496/1/375 485/1/364
f 494/1/373 497/1/376 493/1/372
f 497/1/376 494/1/373 498/1/377
f 499/1/378 495/1/374 500/1/379
f 496/1/375 500/1/379 495/1/374
f 498/1/377 501/1/380 497/1/376
f 501/1/380 498/1/377 502/1/381
f 503/1/382 499/1/378 504/1/383
f 500/1/379 504/1/383 499/1/378
f 501/1/380 505/1/384 506/1/385
f 505/1/384 501/1/380 502/1/381
f 503/1/382 504/1/383 507/1/386
f 508/1/387 507/1/386 504/1/383
f 506/1/385 509/1/388 510/1/389
f 509/1/388 506/1/385 505/1/384
f 507/1/386 508/1/387 511/1/390
f 512/1/391 511/1/390 508/1/387
f 510/1/389 513/1/392 514/1/393
f 513/1/392 510/1/389 509/1/388
f 511/1/390 512/1/391 515/1/394
f 516/1/395 515/1/394 512/1/391
f 514/1/393 517/1/396 518/1/396
f 517/1/396 514/1/393 513/1/392
f 515/1/394 516/1/395 519/1/397
f 520/1/397 519/1/397 516/1/395
f 518/1/396 521/1/398 522/1/398
f 521/1/398 518/1/396 517/1/396
f 519/1/397 520/1/397 523/1/399
f 524/1/399 523/1/399 520/1/397
f 522/1/398 525/1/400 526/1/400
f 525/1/400 522/1/398 521/1/398
f 523/1/399 524/1/399 527/1/401
f 528/1/401 527/1/401 524/1/399
f 525/1/400 529/1/402 526/1/400
f 529/1/402 525/1/400 530/1/403
f 531/1/404 527/1/401 532/1/405
f 528/1/401 532/1/405 527/1/401
f 530/1/403 533/1/406 529/1/402
f 533/1/406 530/1/403 534/1/407
f 535/1/408 531/1/404 536/1/409
f 532/1/405 536/1/409 531/1/404
f 534/1/407 537/1/364 533/1/406
f 537/1/364 534/1/407 538/1/364
f 539/1/363 535/1/408 540/1/363
f 536/1/409 540/1/363 535/1/408
f 538/1/364 541/1/374 537/1/364
f 541/1/374 538/1/364 542/1/410
f 543/1/411 539/1/363 544/1/373
f 540/1/363 544/1/373 539/1/363
f 542/1/410 545/1/412 541/1/374
f 545/1/412 542/1/410 546/1/378
f 547/1/377 543/1/411 548/1/413
f 544/1/373 548/1/413 543/1/411
f 546/1/378 549/1/414 545/1/412
f 549/1/414 546/1/378 550/1/415
f 551/1/416 547/1/377 552/1/417
f 548/1/413 552/1/417 547/1/377
f 553/1/418 549/1/414 550/1/415
f 549/1/414 553/1/418 554/1/419
f 555/1/420 556/1/421 552/1/417
f 551/1/416 552/1/417 556/1/421
f 557/1/422 554/1/419 553/1/418
f 554/1/419 557/1/422 558/1/423
f 559/1/424 560/1/425 555/1/420
f 556/1/421 555/1/420 560/1/425
f 561/1/426 558/1/423 557/1/422
f 558/1/423 561/1/426 562/1/427
f 563/1/428 564/1/429 559/1/424
f 560/1/425 559/1/424 564/1/429
f 565/1/430 562/1/427 561/1/426
f 562/1/427 565/1/430 566/1/431
f 567/1/432 568/1/433 563/1/428
f 564/1/429 563/1/428 568/1/433
f 569/1/434 566/1/431 565/1/430
f 566/1/431 569/1/434 570/1/435
f 571/1/436 572/1/437 567/1/432
f 568/1/433 567/1/432 572/1/437
f 573/1/438 570/1/435 569/1/434
f 570/1/435 573/1/438 574/1/439
f 575/1/440 576/1/441 571/1/436
f 572/1/437 571/1/436 576/1/441
f 573/1/438 490/1/369 574/1/439
f 490/1/369 573/1/438 489/1/368
f 491/1/370 576/1/441 492/1/371
f 575/1/440 492/1/371 576/1/441